0 0.05 591.569 1357.47 xarapuca_vuv
1 0.05 529.298 1357.47 xarapuca_vuv
2 0.05 467.028 1357.47 xarapuca_vuv
3 0.05 404.758 1357.47 xarapuca_vuv
4 0.05 342.487 1357.47 xarapuca_vuv
5 0.05 280.217 1357.47 xarapuca_vuv
6 0.05 217.946 1357.47 xarapuca_vuv
7 0.05 155.676 1357.47 xarapuca_vuv
8 0.05 93.4056 1357.47 xarapuca_vuv
9 0.05 31.1352 1357.47 xarapuca_vuv
10 0.05 591.569 1308.67 xarapuca_vuv
11 0.05 529.298 1308.67 xarapuca_vuv
12 0.05 467.028 1308.67 xarapuca_vuv
13 0.05 404.758 1308.67 xarapuca_vuv
14 0.05 342.487 1308.67 xarapuca_vuv
15 0.05 280.217 1308.67 xarapuca_vuv
16 0.05 217.946 1308.67 xarapuca_vuv
17 0.05 155.676 1308.67 xarapuca_vuv
18 0.05 93.4056 1308.67 xarapuca_vuv
19 0.05 31.1352 1308.67 xarapuca_vuv
20 0.05 591.569 1245.87 xarapuca_vuv
21 0.05 529.298 1245.87 xarapuca_vuv
22 0.05 467.028 1245.87 xarapuca_vuv
23 0.05 404.758 1245.87 xarapuca_vuv
24 0.05 342.487 1245.87 xarapuca_vuv
25 0.05 280.217 1245.87 xarapuca_vuv
26 0.05 217.946 1245.87 xarapuca_vuv
27 0.05 155.676 1245.87 xarapuca_vuv
28 0.05 93.4056 1245.87 xarapuca_vuv
29 0.05 31.1352 1245.87 xarapuca_vuv
30 0.05 591.569 1197.07 xarapuca_vuv
31 0.05 529.298 1197.07 xarapuca_vuv
32 0.05 467.028 1197.07 xarapuca_vuv
33 0.05 404.758 1197.07 xarapuca_vuv
34 0.05 342.487 1197.07 xarapuca_vuv
35 0.05 280.217 1197.07 xarapuca_vuv
36 0.05 217.946 1197.07 xarapuca_vuv
37 0.05 155.676 1197.07 xarapuca_vuv
38 0.05 93.4056 1197.07 xarapuca_vuv
39 0.05 31.1352 1197.07 xarapuca_vuv
40 0.05 591.569 1125.08 xarapuca_vuv
41 0.05 529.298 1125.08 xarapuca_vuv
42 0.05 467.028 1125.08 xarapuca_vuv
43 0.05 404.758 1125.08 xarapuca_vuv
44 0.05 342.487 1125.08 xarapuca_vuv
45 0.05 280.217 1125.08 xarapuca_vuv
46 0.05 217.946 1125.08 xarapuca_vuv
47 0.05 155.676 1125.08 xarapuca_vuv
48 0.05 93.4056 1125.08 xarapuca_vuv
49 0.05 31.1352 1125.08 xarapuca_vuv
50 0.05 591.569 1076.28 xarapuca_vuv
51 0.05 529.298 1076.28 xarapuca_vuv
52 0.05 467.028 1076.28 xarapuca_vuv
53 0.05 404.758 1076.28 xarapuca_vuv
54 0.05 342.487 1076.28 xarapuca_vuv
55 0.05 280.217 1076.28 xarapuca_vuv
56 0.05 217.946 1076.28 xarapuca_vuv
57 0.05 155.676 1076.28 xarapuca_vuv
58 0.05 93.4056 1076.28 xarapuca_vuv
59 0.05 31.1352 1076.28 xarapuca_vuv
60 0.05 591.569 1013.48 xarapuca_vuv
61 0.05 529.298 1013.48 xarapuca_vuv
62 0.05 467.028 1013.48 xarapuca_vuv
63 0.05 404.758 1013.48 xarapuca_vuv
64 0.05 342.487 1013.48 xarapuca_vuv
65 0.05 280.217 1013.48 xarapuca_vuv
66 0.05 217.946 1013.48 xarapuca_vuv
67 0.05 155.676 1013.48 xarapuca_vuv
68 0.05 93.4056 1013.48 xarapuca_vuv
69 0.05 31.1352 1013.48 xarapuca_vuv
70 0.05 591.569 964.679 xarapuca_vuv
71 0.05 529.298 964.679 xarapuca_vuv
72 0.05 467.028 964.679 xarapuca_vuv
73 0.05 404.758 964.679 xarapuca_vuv
74 0.05 342.487 964.679 xarapuca_vuv
75 0.05 280.217 964.679 xarapuca_vuv
76 0.05 217.946 964.679 xarapuca_vuv
77 0.05 155.676 964.679 xarapuca_vuv
78 0.05 93.4056 964.679 xarapuca_vuv
79 0.05 31.1352 964.679 xarapuca_vuv
80 0.05 591.569 892.689 xarapuca_vuv
81 0.05 529.298 892.689 xarapuca_vuv
82 0.05 467.028 892.689 xarapuca_vuv
83 0.05 404.758 892.689 xarapuca_vuv
84 0.05 342.487 892.689 xarapuca_vuv
85 0.05 280.217 892.689 xarapuca_vuv
86 0.05 217.946 892.689 xarapuca_vuv
87 0.05 155.676 892.689 xarapuca_vuv
88 0.05 93.4056 892.689 xarapuca_vuv
89 0.05 31.1352 892.689 xarapuca_vuv
90 0.05 591.569 843.889 xarapuca_vuv
91 0.05 529.298 843.889 xarapuca_vuv
92 0.05 467.028 843.889 xarapuca_vuv
93 0.05 404.758 843.889 xarapuca_vuv
94 0.05 342.487 843.889 xarapuca_vuv
95 0.05 280.217 843.889 xarapuca_vuv
96 0.05 217.946 843.889 xarapuca_vuv
97 0.05 155.676 843.889 xarapuca_vuv
98 0.05 93.4056 843.889 xarapuca_vuv
99 0.05 31.1352 843.889 xarapuca_vuv
100 0.05 591.569 781.089 xarapuca_vuv
101 0.05 529.298 781.089 xarapuca_vuv
102 0.05 467.028 781.089 xarapuca_vuv
103 0.05 404.758 781.089 xarapuca_vuv
104 0.05 342.487 781.089 xarapuca_vuv
105 0.05 280.217 781.089 xarapuca_vuv
106 0.05 217.946 781.089 xarapuca_vuv
107 0.05 155.676 781.089 xarapuca_vuv
108 0.05 93.4056 781.089 xarapuca_vuv
109 0.05 31.1352 781.089 xarapuca_vuv
110 0.05 591.569 732.289 xarapuca_vuv
111 0.05 529.298 732.289 xarapuca_vuv
112 0.05 467.028 732.289 xarapuca_vuv
113 0.05 404.758 732.289 xarapuca_vuv
114 0.05 342.487 732.289 xarapuca_vuv
115 0.05 280.217 732.289 xarapuca_vuv
116 0.05 217.946 732.289 xarapuca_vuv
117 0.05 155.676 732.289 xarapuca_vuv
118 0.05 93.4056 732.289 xarapuca_vuv
119 0.05 31.1352 732.289 xarapuca_vuv
120 0.05 591.569 660.299 xarapuca_vuv
121 0.05 529.298 660.299 xarapuca_vuv
122 0.05 467.028 660.299 xarapuca_vuv
123 0.05 404.758 660.299 xarapuca_vuv
124 0.05 342.487 660.299 xarapuca_vuv
125 0.05 280.217 660.299 xarapuca_vuv
126 0.05 217.946 660.299 xarapuca_vuv
127 0.05 155.676 660.299 xarapuca_vuv
128 0.05 93.4056 660.299 xarapuca_vuv
129 0.05 31.1352 660.299 xarapuca_vuv
130 0.05 591.569 611.499 xarapuca_vuv
131 0.05 529.298 611.499 xarapuca_vuv
132 0.05 467.028 611.499 xarapuca_vuv
133 0.05 404.758 611.499 xarapuca_vuv
134 0.05 342.487 611.499 xarapuca_vuv
135 0.05 280.217 611.499 xarapuca_vuv
136 0.05 217.946 611.499 xarapuca_vuv
137 0.05 155.676 611.499 xarapuca_vuv
138 0.05 93.4056 611.499 xarapuca_vuv
139 0.05 31.1352 611.499 xarapuca_vuv
140 0.05 591.569 548.699 xarapuca_vuv
141 0.05 529.298 548.699 xarapuca_vuv
142 0.05 467.028 548.699 xarapuca_vuv
143 0.05 404.758 548.699 xarapuca_vuv
144 0.05 342.487 548.699 xarapuca_vuv
145 0.05 280.217 548.699 xarapuca_vuv
146 0.05 217.946 548.699 xarapuca_vuv
147 0.05 155.676 548.699 xarapuca_vuv
148 0.05 93.4056 548.699 xarapuca_vuv
149 0.05 31.1352 548.699 xarapuca_vuv
150 0.05 591.569 499.899 xarapuca_vuv
151 0.05 529.298 499.899 xarapuca_vuv
152 0.05 467.028 499.899 xarapuca_vuv
153 0.05 404.758 499.899 xarapuca_vuv
154 0.05 342.487 499.899 xarapuca_vuv
155 0.05 280.217 499.899 xarapuca_vuv
156 0.05 217.946 499.899 xarapuca_vuv
157 0.05 155.676 499.899 xarapuca_vuv
158 0.05 93.4056 499.899 xarapuca_vuv
159 0.05 31.1352 499.899 xarapuca_vuv
160 0.05 591.569 427.909 xarapuca_vuv
161 0.05 529.298 427.909 xarapuca_vuv
162 0.05 467.028 427.909 xarapuca_vuv
163 0.05 404.758 427.909 xarapuca_vuv
164 0.05 342.487 427.909 xarapuca_vuv
165 0.05 280.217 427.909 xarapuca_vuv
166 0.05 217.946 427.909 xarapuca_vuv
167 0.05 155.676 427.909 xarapuca_vuv
168 0.05 93.4056 427.909 xarapuca_vuv
169 0.05 31.1352 427.909 xarapuca_vuv
170 0.05 591.569 379.109 xarapuca_vuv
171 0.05 529.298 379.109 xarapuca_vuv
172 0.05 467.028 379.109 xarapuca_vuv
173 0.05 404.758 379.109 xarapuca_vuv
174 0.05 342.487 379.109 xarapuca_vuv
175 0.05 280.217 379.109 xarapuca_vuv
176 0.05 217.946 379.109 xarapuca_vuv
177 0.05 155.676 379.109 xarapuca_vuv
178 0.05 93.4056 379.109 xarapuca_vuv
179 0.05 31.1352 379.109 xarapuca_vuv
180 0.05 591.569 316.309 xarapuca_vuv
181 0.05 529.298 316.309 xarapuca_vuv
182 0.05 467.028 316.309 xarapuca_vuv
183 0.05 404.758 316.309 xarapuca_vuv
184 0.05 342.487 316.309 xarapuca_vuv
185 0.05 280.217 316.309 xarapuca_vuv
186 0.05 217.946 316.309 xarapuca_vuv
187 0.05 155.676 316.309 xarapuca_vuv
188 0.05 93.4056 316.309 xarapuca_vuv
189 0.05 31.1352 316.309 xarapuca_vuv
190 0.05 591.569 267.509 xarapuca_vuv
191 0.05 529.298 267.509 xarapuca_vuv
192 0.05 467.028 267.509 xarapuca_vuv
193 0.05 404.758 267.509 xarapuca_vuv
194 0.05 342.487 267.509 xarapuca_vuv
195 0.05 280.217 267.509 xarapuca_vuv
196 0.05 217.946 267.509 xarapuca_vuv
197 0.05 155.676 267.509 xarapuca_vuv
198 0.05 93.4056 267.509 xarapuca_vuv
199 0.05 31.1352 267.509 xarapuca_vuv
200 0.05 591.569 195.519 xarapuca_vuv
201 0.05 529.298 195.519 xarapuca_vuv
202 0.05 467.028 195.519 xarapuca_vuv
203 0.05 404.758 195.519 xarapuca_vuv
204 0.05 342.487 195.519 xarapuca_vuv
205 0.05 280.217 195.519 xarapuca_vuv
206 0.05 217.946 195.519 xarapuca_vuv
207 0.05 155.676 195.519 xarapuca_vuv
208 0.05 93.4056 195.519 xarapuca_vuv
209 0.05 31.1352 195.519 xarapuca_vuv
210 0.05 591.569 146.719 xarapuca_vuv
211 0.05 529.298 146.719 xarapuca_vuv
212 0.05 467.028 146.719 xarapuca_vuv
213 0.05 404.758 146.719 xarapuca_vuv
214 0.05 342.487 146.719 xarapuca_vuv
215 0.05 280.217 146.719 xarapuca_vuv
216 0.05 217.946 146.719 xarapuca_vuv
217 0.05 155.676 146.719 xarapuca_vuv
218 0.05 93.4056 146.719 xarapuca_vuv
219 0.05 31.1352 146.719 xarapuca_vuv
220 0.05 591.569 83.9188 xarapuca_vuv
221 0.05 529.298 83.9188 xarapuca_vuv
222 0.05 467.028 83.9188 xarapuca_vuv
223 0.05 404.758 83.9188 xarapuca_vuv
224 0.05 342.487 83.9188 xarapuca_vuv
225 0.05 280.217 83.9188 xarapuca_vuv
226 0.05 217.946 83.9188 xarapuca_vuv
227 0.05 155.676 83.9188 xarapuca_vuv
228 0.05 93.4056 83.9188 xarapuca_vuv
229 0.05 31.1352 83.9188 xarapuca_vuv
230 0.05 591.569 35.1188 xarapuca_vuv
231 0.05 529.298 35.1188 xarapuca_vuv
232 0.05 467.028 35.1188 xarapuca_vuv
233 0.05 404.758 35.1188 xarapuca_vuv
234 0.05 342.487 35.1188 xarapuca_vuv
235 0.05 280.217 35.1188 xarapuca_vuv
236 0.05 217.946 35.1188 xarapuca_vuv
237 0.05 155.676 35.1188 xarapuca_vuv
238 0.05 93.4056 35.1188 xarapuca_vuv
239 0.05 31.1352 35.1188 xarapuca_vuv
240 -0.05 -31.1352 1357.47 xarapuca_vuv
241 -0.05 -93.4056 1357.47 xarapuca_vuv
242 -0.05 -155.676 1357.47 xarapuca_vuv
243 -0.05 -217.946 1357.47 xarapuca_vuv
244 -0.05 -280.217 1357.47 xarapuca_vuv
245 -0.05 -342.487 1357.47 xarapuca_vuv
246 -0.05 -404.758 1357.47 xarapuca_vuv
247 -0.05 -467.028 1357.47 xarapuca_vuv
248 -0.05 -529.298 1357.47 xarapuca_vuv
249 -0.05 -591.569 1357.47 xarapuca_vuv
250 -0.05 -31.1352 1308.67 xarapuca_vuv
251 -0.05 -93.4056 1308.67 xarapuca_vuv
252 -0.05 -155.676 1308.67 xarapuca_vuv
253 -0.05 -217.946 1308.67 xarapuca_vuv
254 -0.05 -280.217 1308.67 xarapuca_vuv
255 -0.05 -342.487 1308.67 xarapuca_vuv
256 -0.05 -404.758 1308.67 xarapuca_vuv
257 -0.05 -467.028 1308.67 xarapuca_vuv
258 -0.05 -529.298 1308.67 xarapuca_vuv
259 -0.05 -591.569 1308.67 xarapuca_vuv
260 -0.05 -31.1352 1245.87 xarapuca_vuv
261 -0.05 -93.4056 1245.87 xarapuca_vuv
262 -0.05 -155.676 1245.87 xarapuca_vuv
263 -0.05 -217.946 1245.87 xarapuca_vuv
264 -0.05 -280.217 1245.87 xarapuca_vuv
265 -0.05 -342.487 1245.87 xarapuca_vuv
266 -0.05 -404.758 1245.87 xarapuca_vuv
267 -0.05 -467.028 1245.87 xarapuca_vuv
268 -0.05 -529.298 1245.87 xarapuca_vuv
269 -0.05 -591.569 1245.87 xarapuca_vuv
270 -0.05 -31.1352 1197.07 xarapuca_vuv
271 -0.05 -93.4056 1197.07 xarapuca_vuv
272 -0.05 -155.676 1197.07 xarapuca_vuv
273 -0.05 -217.946 1197.07 xarapuca_vuv
274 -0.05 -280.217 1197.07 xarapuca_vuv
275 -0.05 -342.487 1197.07 xarapuca_vuv
276 -0.05 -404.758 1197.07 xarapuca_vuv
277 -0.05 -467.028 1197.07 xarapuca_vuv
278 -0.05 -529.298 1197.07 xarapuca_vuv
279 -0.05 -591.569 1197.07 xarapuca_vuv
280 -0.05 -31.1352 1125.08 xarapuca_vuv
281 -0.05 -93.4056 1125.08 xarapuca_vuv
282 -0.05 -155.676 1125.08 xarapuca_vuv
283 -0.05 -217.946 1125.08 xarapuca_vuv
284 -0.05 -280.217 1125.08 xarapuca_vuv
285 -0.05 -342.487 1125.08 xarapuca_vuv
286 -0.05 -404.758 1125.08 xarapuca_vuv
287 -0.05 -467.028 1125.08 xarapuca_vuv
288 -0.05 -529.298 1125.08 xarapuca_vuv
289 -0.05 -591.569 1125.08 xarapuca_vuv
290 -0.05 -31.1352 1076.28 xarapuca_vuv
291 -0.05 -93.4056 1076.28 xarapuca_vuv
292 -0.05 -155.676 1076.28 xarapuca_vuv
293 -0.05 -217.946 1076.28 xarapuca_vuv
294 -0.05 -280.217 1076.28 xarapuca_vuv
295 -0.05 -342.487 1076.28 xarapuca_vuv
296 -0.05 -404.758 1076.28 xarapuca_vuv
297 -0.05 -467.028 1076.28 xarapuca_vuv
298 -0.05 -529.298 1076.28 xarapuca_vuv
299 -0.05 -591.569 1076.28 xarapuca_vuv
300 -0.05 -31.1352 1013.48 xarapuca_vuv
301 -0.05 -93.4056 1013.48 xarapuca_vuv
302 -0.05 -155.676 1013.48 xarapuca_vuv
303 -0.05 -217.946 1013.48 xarapuca_vuv
304 -0.05 -280.217 1013.48 xarapuca_vuv
305 -0.05 -342.487 1013.48 xarapuca_vuv
306 -0.05 -404.758 1013.48 xarapuca_vuv
307 -0.05 -467.028 1013.48 xarapuca_vuv
308 -0.05 -529.298 1013.48 xarapuca_vuv
309 -0.05 -591.569 1013.48 xarapuca_vuv
310 -0.05 -31.1352 964.679 xarapuca_vuv
311 -0.05 -93.4056 964.679 xarapuca_vuv
312 -0.05 -155.676 964.679 xarapuca_vuv
313 -0.05 -217.946 964.679 xarapuca_vuv
314 -0.05 -280.217 964.679 xarapuca_vuv
315 -0.05 -342.487 964.679 xarapuca_vuv
316 -0.05 -404.758 964.679 xarapuca_vuv
317 -0.05 -467.028 964.679 xarapuca_vuv
318 -0.05 -529.298 964.679 xarapuca_vuv
319 -0.05 -591.569 964.679 xarapuca_vuv
320 -0.05 -31.1352 892.689 xarapuca_vuv
321 -0.05 -93.4056 892.689 xarapuca_vuv
322 -0.05 -155.676 892.689 xarapuca_vuv
323 -0.05 -217.946 892.689 xarapuca_vuv
324 -0.05 -280.217 892.689 xarapuca_vuv
325 -0.05 -342.487 892.689 xarapuca_vuv
326 -0.05 -404.758 892.689 xarapuca_vuv
327 -0.05 -467.028 892.689 xarapuca_vuv
328 -0.05 -529.298 892.689 xarapuca_vuv
329 -0.05 -591.569 892.689 xarapuca_vuv
330 -0.05 -31.1352 843.889 xarapuca_vuv
331 -0.05 -93.4056 843.889 xarapuca_vuv
332 -0.05 -155.676 843.889 xarapuca_vuv
333 -0.05 -217.946 843.889 xarapuca_vuv
334 -0.05 -280.217 843.889 xarapuca_vuv
335 -0.05 -342.487 843.889 xarapuca_vuv
336 -0.05 -404.758 843.889 xarapuca_vuv
337 -0.05 -467.028 843.889 xarapuca_vuv
338 -0.05 -529.298 843.889 xarapuca_vuv
339 -0.05 -591.569 843.889 xarapuca_vuv
340 -0.05 -31.1352 781.089 xarapuca_vuv
341 -0.05 -93.4056 781.089 xarapuca_vuv
342 -0.05 -155.676 781.089 xarapuca_vuv
343 -0.05 -217.946 781.089 xarapuca_vuv
344 -0.05 -280.217 781.089 xarapuca_vuv
345 -0.05 -342.487 781.089 xarapuca_vuv
346 -0.05 -404.758 781.089 xarapuca_vuv
347 -0.05 -467.028 781.089 xarapuca_vuv
348 -0.05 -529.298 781.089 xarapuca_vuv
349 -0.05 -591.569 781.089 xarapuca_vuv
350 -0.05 -31.1352 732.289 xarapuca_vuv
351 -0.05 -93.4056 732.289 xarapuca_vuv
352 -0.05 -155.676 732.289 xarapuca_vuv
353 -0.05 -217.946 732.289 xarapuca_vuv
354 -0.05 -280.217 732.289 xarapuca_vuv
355 -0.05 -342.487 732.289 xarapuca_vuv
356 -0.05 -404.758 732.289 xarapuca_vuv
357 -0.05 -467.028 732.289 xarapuca_vuv
358 -0.05 -529.298 732.289 xarapuca_vuv
359 -0.05 -591.569 732.289 xarapuca_vuv
360 -0.05 -31.1352 660.299 xarapuca_vuv
361 -0.05 -93.4056 660.299 xarapuca_vuv
362 -0.05 -155.676 660.299 xarapuca_vuv
363 -0.05 -217.946 660.299 xarapuca_vuv
364 -0.05 -280.217 660.299 xarapuca_vuv
365 -0.05 -342.487 660.299 xarapuca_vuv
366 -0.05 -404.758 660.299 xarapuca_vuv
367 -0.05 -467.028 660.299 xarapuca_vuv
368 -0.05 -529.298 660.299 xarapuca_vuv
369 -0.05 -591.569 660.299 xarapuca_vuv
370 -0.05 -31.1352 611.499 xarapuca_vuv
371 -0.05 -93.4056 611.499 xarapuca_vuv
372 -0.05 -155.676 611.499 xarapuca_vuv
373 -0.05 -217.946 611.499 xarapuca_vuv
374 -0.05 -280.217 611.499 xarapuca_vuv
375 -0.05 -342.487 611.499 xarapuca_vuv
376 -0.05 -404.758 611.499 xarapuca_vuv
377 -0.05 -467.028 611.499 xarapuca_vuv
378 -0.05 -529.298 611.499 xarapuca_vuv
379 -0.05 -591.569 611.499 xarapuca_vuv
380 -0.05 -31.1352 548.699 xarapuca_vuv
381 -0.05 -93.4056 548.699 xarapuca_vuv
382 -0.05 -155.676 548.699 xarapuca_vuv
383 -0.05 -217.946 548.699 xarapuca_vuv
384 -0.05 -280.217 548.699 xarapuca_vuv
385 -0.05 -342.487 548.699 xarapuca_vuv
386 -0.05 -404.758 548.699 xarapuca_vuv
387 -0.05 -467.028 548.699 xarapuca_vuv
388 -0.05 -529.298 548.699 xarapuca_vuv
389 -0.05 -591.569 548.699 xarapuca_vuv
390 -0.05 -31.1352 499.899 xarapuca_vuv
391 -0.05 -93.4056 499.899 xarapuca_vuv
392 -0.05 -155.676 499.899 xarapuca_vuv
393 -0.05 -217.946 499.899 xarapuca_vuv
394 -0.05 -280.217 499.899 xarapuca_vuv
395 -0.05 -342.487 499.899 xarapuca_vuv
396 -0.05 -404.758 499.899 xarapuca_vuv
397 -0.05 -467.028 499.899 xarapuca_vuv
398 -0.05 -529.298 499.899 xarapuca_vuv
399 -0.05 -591.569 499.899 xarapuca_vuv
400 -0.05 -31.1352 427.909 xarapuca_vuv
401 -0.05 -93.4056 427.909 xarapuca_vuv
402 -0.05 -155.676 427.909 xarapuca_vuv
403 -0.05 -217.946 427.909 xarapuca_vuv
404 -0.05 -280.217 427.909 xarapuca_vuv
405 -0.05 -342.487 427.909 xarapuca_vuv
406 -0.05 -404.758 427.909 xarapuca_vuv
407 -0.05 -467.028 427.909 xarapuca_vuv
408 -0.05 -529.298 427.909 xarapuca_vuv
409 -0.05 -591.569 427.909 xarapuca_vuv
410 -0.05 -31.1352 379.109 xarapuca_vuv
411 -0.05 -93.4056 379.109 xarapuca_vuv
412 -0.05 -155.676 379.109 xarapuca_vuv
413 -0.05 -217.946 379.109 xarapuca_vuv
414 -0.05 -280.217 379.109 xarapuca_vuv
415 -0.05 -342.487 379.109 xarapuca_vuv
416 -0.05 -404.758 379.109 xarapuca_vuv
417 -0.05 -467.028 379.109 xarapuca_vuv
418 -0.05 -529.298 379.109 xarapuca_vuv
419 -0.05 -591.569 379.109 xarapuca_vuv
420 -0.05 -31.1352 316.309 xarapuca_vuv
421 -0.05 -93.4056 316.309 xarapuca_vuv
422 -0.05 -155.676 316.309 xarapuca_vuv
423 -0.05 -217.946 316.309 xarapuca_vuv
424 -0.05 -280.217 316.309 xarapuca_vuv
425 -0.05 -342.487 316.309 xarapuca_vuv
426 -0.05 -404.758 316.309 xarapuca_vuv
427 -0.05 -467.028 316.309 xarapuca_vuv
428 -0.05 -529.298 316.309 xarapuca_vuv
429 -0.05 -591.569 316.309 xarapuca_vuv
430 -0.05 -31.1352 267.509 xarapuca_vuv
431 -0.05 -93.4056 267.509 xarapuca_vuv
432 -0.05 -155.676 267.509 xarapuca_vuv
433 -0.05 -217.946 267.509 xarapuca_vuv
434 -0.05 -280.217 267.509 xarapuca_vuv
435 -0.05 -342.487 267.509 xarapuca_vuv
436 -0.05 -404.758 267.509 xarapuca_vuv
437 -0.05 -467.028 267.509 xarapuca_vuv
438 -0.05 -529.298 267.509 xarapuca_vuv
439 -0.05 -591.569 267.509 xarapuca_vuv
440 -0.05 -31.1352 195.519 xarapuca_vuv
441 -0.05 -93.4056 195.519 xarapuca_vuv
442 -0.05 -155.676 195.519 xarapuca_vuv
443 -0.05 -217.946 195.519 xarapuca_vuv
444 -0.05 -280.217 195.519 xarapuca_vuv
445 -0.05 -342.487 195.519 xarapuca_vuv
446 -0.05 -404.758 195.519 xarapuca_vuv
447 -0.05 -467.028 195.519 xarapuca_vuv
448 -0.05 -529.298 195.519 xarapuca_vuv
449 -0.05 -591.569 195.519 xarapuca_vuv
450 -0.05 -31.1352 146.719 xarapuca_vuv
451 -0.05 -93.4056 146.719 xarapuca_vuv
452 -0.05 -155.676 146.719 xarapuca_vuv
453 -0.05 -217.946 146.719 xarapuca_vuv
454 -0.05 -280.217 146.719 xarapuca_vuv
455 -0.05 -342.487 146.719 xarapuca_vuv
456 -0.05 -404.758 146.719 xarapuca_vuv
457 -0.05 -467.028 146.719 xarapuca_vuv
458 -0.05 -529.298 146.719 xarapuca_vuv
459 -0.05 -591.569 146.719 xarapuca_vuv
460 -0.05 -31.1352 83.9188 xarapuca_vuv
461 -0.05 -93.4056 83.9188 xarapuca_vuv
462 -0.05 -155.676 83.9188 xarapuca_vuv
463 -0.05 -217.946 83.9188 xarapuca_vuv
464 -0.05 -280.217 83.9188 xarapuca_vuv
465 -0.05 -342.487 83.9188 xarapuca_vuv
466 -0.05 -404.758 83.9188 xarapuca_vuv
467 -0.05 -467.028 83.9188 xarapuca_vuv
468 -0.05 -529.298 83.9188 xarapuca_vuv
469 -0.05 -591.569 83.9188 xarapuca_vuv
470 -0.05 -31.1352 35.1188 xarapuca_vuv
471 -0.05 -93.4056 35.1188 xarapuca_vuv
472 -0.05 -155.676 35.1188 xarapuca_vuv
473 -0.05 -217.946 35.1188 xarapuca_vuv
474 -0.05 -280.217 35.1188 xarapuca_vuv
475 -0.05 -342.487 35.1188 xarapuca_vuv
476 -0.05 -404.758 35.1188 xarapuca_vuv
477 -0.05 -467.028 35.1188 xarapuca_vuv
478 -0.05 -529.298 35.1188 xarapuca_vuv
479 -0.05 -591.569 35.1188 xarapuca_vuv